fs1 <- 16
fs2 <- 6